$ 1 0.000005 10.20027730826997 50 5 43 5e-11
r 928 112 928 288 0 10000
R 992 480 1104 480 0 0 40 5 0 0 0.5
R 992 448 1104 448 0 0 40 -5 0 0 0.5
p 272 112 272 48 3 0 0
r 768 112 768 320 0 10000
w 208 288 656 288 0
r 880 112 880 320 0 3300
r 816 112 816 320 0 3300
s 816 320 768 320 0 1 true
s 880 320 928 320 0 1 true
w 928 320 928 288 0
p 816 -48 816 -144 3 0 0
w 928 112 880 112 0
w 880 112 816 112 0
w 816 112 768 112 0
x 239 30 325 33 4 24 Y\s(Alog)
x 779 -165 840 -162 4 24 X\sOut
w 544 112 496 112 0
w 608 112 544 112 0
w 656 112 608 112 0
w 656 288 656 208 0
s 608 320 656 320 0 1 true
s 544 320 496 320 0 1 true
r 544 112 544 320 0 3300
r 608 112 608 320 0 3300
r 496 112 496 320 0 10000
r 656 112 656 208 0 10000
409 160 336 272 336 1 0.6 -7.0974463834715795 0.0231 0
w 992 448 768 448 0
w 768 448 768 320 0
w 992 480 928 480 0
w 928 480 928 320 0
w 768 448 496 448 0
w 208 448 208 368 0
w 208 288 208 304 0
r 768 448 768 576 0 4700
174 208 480 160 560 1 10000 0.3119 Resistance
w 304 448 208 448 0
w 272 336 272 112 0
174 96 400 16 368 1 5000 0.9158000000000001 Resistance
w 48 320 160 320 0
w 96 400 272 400 0
w 272 400 272 336 0
w 48 320 48 368 0
w 0 400 -32 400 0
w -32 288 208 288 0
w -32 448 208 448 0
207 48 416 0 496 4 Gain
w 656 320 656 288 0
w 496 448 496 320 0
w 496 448 304 448 0
w 656 288 928 288 0
p 496 112 496 48 3 0 0
x 464 30 538 33 4 24 Y\s(Dig)
w 272 112 384 112 0
w 496 112 416 112 0
429 400 -176 400 -48 0 0 false 2
w 384 112 384 -48 0
w 416 112 416 -48 0
p 400 -176 560 -176 3 0 0
x 589 -167 650 -164 4 24 Y\sOut
w 160 528 -80 528 0
w -80 528 -80 -176 0
w -80 -176 352 -176 0
w 336 -48 128 -48 0
w 128 -48 128 352 0
w 128 352 160 352 0
207 224 544 272 624 4 Throttle
w 208 576 768 576 0
174 496 480 448 544 1 10000 0.47030000000000005 Resistance
w 816 -48 816 112 0
w 496 480 928 480 0
w 448 512 336 512 0
w 336 512 336 480 0
w 336 480 208 480 0
207 512 528 560 608 4 Centering
207 320 -112 160 -128 4 Y\sAnalogue/Digital\sSelect
207 832 352 864 400 4 X\sRight/Left\sButtons
207 576 352 608 400 4 Y\sDown/Up\sButtons
r -32 400 -32 448 0 4700
r -32 288 -32 400 0 4700
