$ 1 0.000005 10.20027730826997 50 5 43 5e-11
174 416 192 416 272 1 10000 0.5 Resistance
174 288 192 400 192 1 500000 0.7277 Resistance
r 752 192 752 288 0 10000
w 352 176 352 144 0
w 352 144 128 144 0
r 288 192 288 320 0 4700
R 416 288 64 288 0 0 40 5 0 0 0.5
R 128 320 64 320 0 0 40 -5 0 0 0.5
w 432 240 464 240 0
w 464 240 464 192 0
w 464 192 416 192 0
p 128 144 48 144 3 0 0
r 592 192 592 320 0 10000
w 416 288 752 288 0
w 128 320 288 320 0
w 288 320 592 320 0
r 704 192 704 320 0 3300
r 640 192 640 320 0 3300
s 640 320 592 320 0 1 true
s 704 320 752 320 0 1 true
w 752 320 752 288 0
p 640 192 640 96 3 0 0
w 752 192 704 192 0
w 704 192 640 192 0
w 640 192 592 192 0
